Sa = [301.4; 301.4; 81.0; 81.0; 267.2; 267.2; 81.0; 81.0; 277.7; 277.7; 81.0; 81.0];
Sd = [336.0; 336.0; 60.0; 60.0; 336.0; 336.0; 60.0; 60.0; 336.0; 336.0; 60.0; 60.0];

Inf_att     = [ 76500 ; 10 ; 0 ; 1 ];
Cav_att     = [ 27000 ; 10 ; 0 ; 5 ];
Arch_att    = [ 46500 ; 10 ; 0 ; 9 ];

Inf_def     = [ 60000 ; 10 ; 0 ; 1 ];
Cav_def     = [ 45000 ; 10 ; 0 ; 5 ];
Arch_def    = [ 45000 ; 10 ; 0 ; 9 ];

rally = 0;
t = 5;
